124

61

208

112

192

217

103

181

50

110

240

106

212

12

155

230

20

221

165

52

188

129

18

66

75

124

168

34

39

90

41

43

159

38

172

95

230

235

125

177

106

168

32

127

229

5

67

205

6

114

170

95

85

159

100

103

189

144

4

244

197

14

123

205

93

244

91

178

189

155

201

30

118

243

133

86

235

220

237

55

71

245

133

90

67

242

13

156

104

165

138

86

26

95

18

19

122

172

136

227

42

197

159

137

97

163

120

123

185

233

88

4

162

105

50

86

92

106

61

162

114

166

174

108

229

134

77

224

115

123

191

0

85

115

51

149

201

251

169

255

2

25

5

185

120

82

146

221

30

5

98

178

11

183

136

253

19

107

8

227

46

16

173

252

8

26

160

206

8

67

163

6

63

156

129

100

212

94

151

29

204

41

56

203

99

214

154

87

129

230

38

0

18

112

27

48

139

63

105

103

226

98

14

148

0

48

218

215

35

178

116

234

198

3

246

210

214

96

209

104

253

32

234

158

133

186

237

177

15

112

161

217

118

235

141

251

104

222

108

132

179

88

69

156

226

14

106

27

119

144

216

78

64

62

147

212

84

213

201

64

178

73

24

213

123

38

221

84

8

3

252

121

167

89

13

190

20

165

218

211

111

43

65

42

182

219

60

38

117

235

236

155

11

114

37

219

177

63

153

60

84

181

154

215

173

96

112

187

90

15

191

20

163

34

129

220

10

212

55

86

102

251

103

30

133

28

85

40

157

241

76

132

38

40

250

228

196

11

97

11

205

90

225

81

120

55

92

125

59

33

25

148

214

199

94

85

233

60

154

225

4

162

200

29

104

29

117

71

126

107

251

251

131

181

129

78

163

193

104

68

221

105

64

48

216

186

208

128

63

9

125

101

175

32

78

4

213

57

40

234

20

218

55

19

47

230

82

37

217

66

44

242

222

233

70

186

145

95

148

104

175

48

101

13

58

145

212

59

131

57

34

84

197

232

212

237

41

66

229

97

81

111

138

255

187

96

122

77

149

243

84

159

8

164

86

115

125

66

135

82

172

132

129

230

170

225

106

46

143

243

203

86

255

28

106

171

200

220

224

179

247

160

153

168

98

59

82

154

243

7

21

199

199




82

161

62

92

11

67

116

201

103

12

69

173

217

240

205

188

104

58

233

128

185

64

53

143

164

205

196

194

145

105

27

182

230

188

186

39

137

31

150

196

114

250

177

116

27

123

194

10

163

43

187

173

20

219

89

86

39

124

201

117

246

234

39

49

55

180

110

17

78

62

124

75

78

231

226

226

164

149

223

98

17

179

226

102

160

84

120

71

95

9

50

30

249

240

119

166

149

46

226

245

102

57

100

146

76

204

4

64

22

224

118

100

13

209

143

224

246

44

100

41

107

155

178

180

107

187

185

205

125

78

0

140

23

159

148

111

135

17

55

227

172

19

218

216

36

24

61

116

80

107

28

0

250

159

56

89

152

43

154

57

29

191

220

212

112

231

117

185

122

120

231

199

120

250

169

176

146

84

154

141

224

176

57

251

125

248

96

170

60

233

96

101

88

115

113

207

116

66

218

150

63

125

16

39

110

151

65

100

138

200

82

160

148

211

150

8

248

140

12

214

96

222

26

110

12

5

107

14

33

7

232

57

149

211

139

98

218

131

184

249

253

78

103

60

82

2

152

205

168

75

45

253

232

169

175

253

93

198

243

191

206

203

58

183

3

129

172

182

31

221

29

204

56

255

115

168

57

254

206

143

112

123

185

49

60

95

73

100

121

138

35

56

229

122

197

66

186

20

222

239

53

243

217

10

199

144

104

120

203

40

170

9

17

147

248

174

241

231

193

115

57

13

138

91

189

133

65

203

207

242

81

112

103

0

225

242

129

212

142

27

80

7

181

128

85

254

13

2

44

254

48

100

199

253

77

9

110

16

111

244

172

196

85

155

222

249

234

4

193

238

230

72

197

205

82

27

37

46

110

42

87

100

48

4

29

105

48

17

85

151

184

147

183

179

93

55

237

18

170

169

110

76

2

23

33

234

99

75

62

94

35

71

236

255

82

138

129

42

0

78

95

33

144

178

20

138

49

30

8

70

237

111

110

53

54

112

212

85

170

147

152

244

5

201

115

56

254

139

63

60

79

33

87

7

26

210

167

21

176

136

19

154

244

190

105

188

174

163

232

121

193

134

144

124

44

246

193

62

132

210

141

68

143

180

121

115

98

100

155

72

219

185

9




