231

125

227

224

29

251

152

49

121

149

242

74

213

76

105

20

105

21

17

219

148

60

17

65

208

34

220

93

49

190

190

163

133

190

28

137

142

161

241

12

249

234

227

235

123

239

228

122

27

161

244

64

233

65

136

218

69

220

87

169

167

202

54

249

142

49

61

9

187

15

201

176

248

232

112

91

9

126

187

60

98

70

246

15

242

45

165

120

136

50

73

147

59

4

8

77

111

23

33

217

129

54

8

232

56

131

6

87

251

157

95

67

216

168

12

138

63

213

24

216

54

224

130

66

148

50

239

171

83

216

187

234

201

191

132

69

100

69

221

152

4

54

212

126

241

202

104

169

227

114

63

172

173

153

142

48

168

126

216

202

192

188

38

91

227

214

159

104

87

142

248

17

51

189

175

55

116

252

75

249

209

27

199

150

173

253

178

22

156

206

64

194

48

127

92

105

159

247

48

243

204

145

15

149

123

159

79

210

88

130

190

157

126

130

127

34

128

94

187

227

155

20

50

58

158

195

97

193

172

173

74

24

128

189

174

99

177

188

191

124

81

208

103

174

103

91

143

132

211

131

71

19

159

81

47

207




192

149

158

171

137

143

131

98

123

126

70

65

39

38

253

40

38

6

1

19

12

40

38

6

51

238

177

107

20

48

78

179

102

144

18

153

232

148

119

85

36

163

39

101

149

241

251

0

183

140

111

48

146

65

96

97

115

166

166

92

9

145

206

102

3

134

57

21

34

238

183

116

172

70

195

115

58

8

195

149

45

140

224

168

155

173

101

111

84

4

251

149

191

89

3

21

144

60

187

198

178

54

74

23

244

36

230

188

146

85

230

224

77

55

101

77

122

37

38

85

245

125

180

57

147

59

66

9

112

215

102

245

229

150

213

247

67

188

35

2

111

65

156

229

159

22

253

121

127

120

125

202

68

53

62

31

15

135

222

129

190

246

187

80

146

110

70

210

159

61

127

204

19

128

160

227

62

182

30

85

96

179

239

48

173

65

109

186

107

45

138

228

208

72

115

81

128

167

202

18

142

192

231

16

40

218

142

240

43

82

15

209

14

100

248

153

73

245

216

166

251

66

153

148

152

168

97

230

144

246

217

187

39

194

165

239

0

100

85

124

140

245

211

3

189

136

87

5

199

60

5

4

93

230

216

21




