194

230

187

88

88

135

1

1

229

146

39

222

131

131

158

158

43

127

39

34

185

185

213

213

205

163

168

227

165

165

200

10

10

192

219

225

111

154

121

101

101

44

16

16

254

115

55

48

199

199

44

44

47

25

37

36

55

55

180

180

73

97

118

116

217

217

87

22

22

197

182

33

174

28

215

243

243

24

10

10

116

3

103

42

88

88

108

108

145

233

86

52

77

77

233

233

63

173

150

180

8

8

72

138

138

48

34

36

148

125

156

90

90

58

204

204

183

103

2

208

150

150

195

195

180

187

61

160

226

226

217

217

168

35

4

245

137

137

194

128

128

18

138

182

158

130

86

139

139

160

23

23

40

94

188

202

146

146

228

228

8

39

0

135

128

128

165

165

126

255

89

108

69

69

220

147

147

228

245

241

16

205

191

112

112

100

111

111

192

239

87

174

44

44

108

108

27

140

159

168

50

50

68

68

103

169

211

34

93

93

25

56

56

205

112

141

35

185

11

18

18

225

148

148

177

218

76

123

81

81

78

78

198

35

50

193

192

192

119

119

185

227

245

215

78

78

42

177

177

71

223

242

138

41

39

25

25

53

229

229

108

6

178

18

84

84

111

111

153

203

22

173

209

209

84

84

129

60

248

97

99

99

124

80

80

100

220

252




218

180

19

116

116

117

137

137

205

150

100

99

172

172

78

78

46

99

59

23

161

161

44

44

113

38

162

75

200

200

24

3

3

202

145

61

11

63

233

87

87

97

126

126

187

62

181

232

232

131

150

150

55

247

97

31

205

205

74

74

227

250

135

111

31

31

194

189

189

144

81

166

64

188

191

87

87

69

66

66

113

202

125

140

140

53

139

139

115

82

128

113

135

135

175

175

178

165

189

28

87

87

137

116

116

213

65

135

217

49

177

119

119

104

52

94

186

108

21

38

38

171

82

82

181

165

150

20

234

242

101

101

187

178

178

220

84

89

24

254

254

131

131

22

143

210

27

164

164

35

35

131

88

125

77

97

97

52

147

147

138

134

99

146

105

190

198

198

200

180

180

235

41

136

43

43

150

19

19

144

115

134

63

59

59

252

252

33

5

200

175

79

79

222

42

42

112

3

33

158

105

192

144

144

202

49

125

38

200

230

174

174

93

71

71

179

41

27

22

157

157

206

206

81

144

61

139

48

48

94

77

77

182

210

156

138

138

80

126

126

147

88

165

92

36

34

55

55

223

170

170

58

157

14

171

36

36

35

35

96

11

73

99

153

153

198

198

46

146

215

63

234

234

176

154

154

186

96

32

0

0

0

0

0

0

0

0

0




